1.196530000000000000e+05
2.056080000000000000e+05
2.388150000000000000e+05
1.658360000000000000e+05
1.936210000000000000e+05
1.763120000000000000e+05
1.782080000000000000e+05
2.072590000000000000e+05
3.392440000000000000e+05
3.951020000000000000e+05
2.326070000000000000e+05
3.629780000000000000e+05
2.388690000000000000e+05
3.332620000000000000e+05
3.100470000000000000e+05
4.439900000000000000e+04
9.267000000000000000e+04
9.400400000000000000e+04
1.042460000000000000e+05
1.374560000000000000e+05
1.630050000000000000e+05
1.508700000000000000e+05
3.572800000000000000e+04
2.889200000000000000e+04
2.920900000000000000e+04
3.980400000000000000e+04
6.070900000000000000e+04
6.243300000000000000e+04
2.955000000000000000e+04
2.913200000000000000e+04
2.862100000000000000e+04
3.167900000000000000e+04
3.288700000000000000e+04
3.840800000000000000e+04
3.988900000000000000e+04
8.409600000000000000e+04
8.810900000000000000e+04
9.677700000000000000e+04
8.677400000000000000e+04
9.017300000000000000e+04
8.795500000000000000e+04
7.929700000000000000e+04
8.170000000000000000e+04
6.725000000000000000e+04
5.620900000000000000e+04
6.168500000000000000e+04
5.874900000000000000e+04
7.589700000000000000e+04
9.044100000000000000e+04
9.592800000000000000e+04
8.533300000000000000e+04
9.977400000000000000e+04
3.812900000000000000e+04
2.391000000000000000e+04
3.971900000000000000e+04
4.113100000000000000e+04
4.351600000000000000e+04
4.160800000000000000e+04
4.650000000000000000e+04
4.392000000000000000e+04
3.322500000000000000e+04
3.457600000000000000e+04
3.887000000000000000e+04
4.390800000000000000e+04
4.604700000000000000e+04
7.133300000000000000e+04
7.838500000000000000e+04
1.159290000000000000e+05
6.595700000000000000e+04
6.148200000000000000e+04
6.226800000000000000e+04
6.333500000000000000e+04
8.623900000000000000e+04
8.896900000000000000e+04
9.666500000000000000e+04
1.205480000000000000e+05
5.397800000000000000e+04
3.862200000000000000e+04
4.990900000000000000e+04
5.366100000000000000e+04
4.624500000000000000e+04
6.305800000000000000e+04
4.741300000000000000e+04
2.438000000000000000e+04
2.307500000000000000e+04
5.466400000000000000e+04
4.627300000000000000e+04
6.873700000000000000e+04
6.479500000000000000e+04
9.490100000000000000e+04
2.548200000000000000e+04
2.368600000000000000e+04
4.263100000000000000e+04
8.032600000000000000e+04
9.917400000000000000e+04
1.151500000000000000e+05
1.439720000000000000e+05
1.558420000000000000e+05
1.307550000000000000e+05
1.199380000000000000e+05
1.248760000000000000e+05
1.701280000000000000e+05
6.565000000000000000e+04
7.146700000000000000e+04
8.469600000000000000e+04
8.631300000000000000e+04
1.119520000000000000e+05
9.556700000000000000e+04
6.707800000000000000e+04
7.770900000000000000e+04
6.308100000000000000e+04
6.507400000000000000e+04
4.011400000000000000e+04
6.863600000000000000e+04
5.842200000000000000e+04
3.505400000000000000e+04
7.910400000000000000e+04
5.375000000000000000e+04
7.296000000000000000e+04
8.904600000000000000e+04
7.147000000000000000e+04
9.527300000000000000e+04
6.990100000000000000e+04
1.041780000000000000e+05
1.379600000000000000e+05
1.255460000000000000e+05
9.756300000000000000e+04
1.146260000000000000e+05
7.275200000000000000e+04
1.291290000000000000e+05
6.920900000000000000e+04
8.047300000000000000e+04
3.730800000000000000e+04
5.006100000000000000e+04
6.081500000000000000e+04
6.104100000000000000e+04
6.247300000000000000e+04
1.023510000000000000e+05
9.715900000000000000e+04
1.070300000000000000e+05
9.245500000000000000e+04
6.796400000000000000e+04
9.379100000000000000e+04
8.988500000000000000e+04
6.388100000000000000e+04
1.105900000000000000e+05
3.523300000000000000e+04
3.226500000000000000e+04
2.789900000000000000e+04
5.324400000000000000e+04
2.061000000000000000e+04
7.619600000000000000e+04
5.380100000000000000e+04
5.201800000000000000e+04
6.445400000000000000e+04
4.311000000000000000e+04
7.087900000000000000e+04
9.981800000000000000e+04
1.141460000000000000e+05
8.544100000000000000e+04
8.911100000000000000e+04
7.677400000000000000e+04
9.997600000000000000e+04
5.825500000000000000e+04
7.401400000000000000e+04
5.111000000000000000e+04
7.597500000000000000e+04
8.575400000000000000e+04
6.873800000000000000e+04
8.439900000000000000e+04
1.262420000000000000e+05
2.158000000000000000e+04
5.163100000000000000e+04
6.214700000000000000e+04
7.931700000000000000e+04
8.753400000000000000e+04
9.870300000000000000e+04
6.471900000000000000e+04
4.542900000000000000e+04
7.087300000000000000e+04
